30 1
-1.3953970153967599 
-1.3196970121676903 
1.2069589742130362 
-1.1193346757443772 
-1.0288776003458882 
0.9196139249593017 
0.8349736789410033 
-0.7271772045903750 
-0.6413778120559651 
-0.5366827153100426 
0.4226791944632042 
-0.3668372086166318 
-0.2490468080366545 
0.1378148990748858 
-0.0446582486549353 
-0.0615399063038950 
-0.1502477540398690 
0.2271766892910462 
0.3310607915491420 
0.4095268395904415 
0.5321624244451227 
-0.6401106720934540 
0.7253970517681568 
0.8321612664133187 
0.9196719757075392 
1.0257000819441717 
1.1200312957493073 
-1.2137284254699618 
1.3050902485603886 
-1.4101897928717373 
