900 2
141.0000000000000000 255.0000000000000000 
140.0000000000000000 255.0000000000000000 
141.0000000000000000 255.0000000000000000 
140.0000000000000000 255.0000000000000000 
138.0000000000000000 255.0000000000000000 
137.0000000000000000 255.0000000000000000 
135.0000000000000000 255.0000000000000000 
136.0000000000000000 255.0000000000000000 
134.0000000000000000 255.0000000000000000 
131.0000000000000000 255.0000000000000000 
131.0000000000000000 255.0000000000000000 
133.0000000000000000 255.0000000000000000 
129.0000000000000000 255.0000000000000000 
128.0000000000000000 255.0000000000000000 
127.0000000000000000 255.0000000000000000 
124.0000000000000000 255.0000000000000000 
120.0000000000000000 255.0000000000000000 
119.0000000000000000 255.0000000000000000 
114.0000000000000000 255.0000000000000000 
110.0000000000000000 255.0000000000000000 
90.0000000000000000 255.0000000000000000 
78.0000000000000000 255.0000000000000000 
75.0000000000000000 255.0000000000000000 
100.0000000000000000 255.0000000000000000 
103.0000000000000000 255.0000000000000000 
102.0000000000000000 255.0000000000000000 
100.0000000000000000 255.0000000000000000 
98.0000000000000000 255.0000000000000000 
96.0000000000000000 255.0000000000000000 
95.0000000000000000 255.0000000000000000 
136.0000000000000000 255.0000000000000000 
136.0000000000000000 255.0000000000000000 
136.0000000000000000 255.0000000000000000 
136.0000000000000000 255.0000000000000000 
136.0000000000000000 255.0000000000000000 
134.0000000000000000 255.0000000000000000 
126.0000000000000000 255.0000000000000000 
123.0000000000000000 255.0000000000000000 
131.0000000000000000 255.0000000000000000 
131.0000000000000000 255.0000000000000000 
99.0000000000000000 255.0000000000000000 
112.0000000000000000 255.0000000000000000 
102.0000000000000000 255.0000000000000000 
96.0000000000000000 255.0000000000000000 
0.0000000000000000 237.0000000000000000 
0.0000000000000000 254.0000000000000000 
0.0000000000000000 254.0000000000000000 
0.0000000000000000 237.0000000000000000 
0.0000000000000000 254.0000000000000000 
0.0000000000000000 254.0000000000000000 
0.0000000000000000 237.0000000000000000 
0.0000000000000000 237.0000000000000000 
65.0000000000000000 255.0000000000000000 
59.0000000000000000 255.0000000000000000 
62.0000000000000000 255.0000000000000000 
101.0000000000000000 255.0000000000000000 
100.0000000000000000 255.0000000000000000 
97.0000000000000000 255.0000000000000000 
97.0000000000000000 255.0000000000000000 
93.0000000000000000 255.0000000000000000 
132.0000000000000000 255.0000000000000000 
128.0000000000000000 255.0000000000000000 
131.0000000000000000 255.0000000000000000 
132.0000000000000000 255.0000000000000000 
133.0000000000000000 255.0000000000000000 
131.0000000000000000 255.0000000000000000 
103.0000000000000000 255.0000000000000000 
102.0000000000000000 255.0000000000000000 
105.0000000000000000 255.0000000000000000 
94.0000000000000000 255.0000000000000000 
86.0000000000000000 255.0000000000000000 
88.0000000000000000 255.0000000000000000 
85.0000000000000000 255.0000000000000000 
0.0000000000000000 237.0000000000000000 
0.0000000000000000 237.0000000000000000 
0.0000000000000000 254.0000000000000000 
0.0000000000000000 254.0000000000000000 
0.0000000000000000 237.0000000000000000 
0.0000000000000000 254.0000000000000000 
0.0000000000000000 254.0000000000000000 
0.0000000000000000 231.0000000000000000 
0.0000000000000000 193.0000000000000000 
62.0000000000000000 255.0000000000000000 
60.0000000000000000 255.0000000000000000 
54.0000000000000000 255.0000000000000000 
58.0000000000000000 255.0000000000000000 
99.0000000000000000 255.0000000000000000 
95.0000000000000000 255.0000000000000000 
97.0000000000000000 255.0000000000000000 
92.0000000000000000 255.0000000000000000 
127.0000000000000000 255.0000000000000000 
127.0000000000000000 255.0000000000000000 
129.0000000000000000 255.0000000000000000 
129.0000000000000000 255.0000000000000000 
128.0000000000000000 255.0000000000000000 
104.0000000000000000 255.0000000000000000 
98.0000000000000000 255.0000000000000000 
109.0000000000000000 255.0000000000000000 
99.0000000000000000 255.0000000000000000 
95.0000000000000000 255.0000000000000000 
86.0000000000000000 255.0000000000000000 
85.0000000000000000 255.0000000000000000 
0.0000000000000000 254.0000000000000000 
0.0000000000000000 237.0000000000000000 
0.0000000000000000 237.0000000000000000 
0.0000000000000000 254.0000000000000000 
0.0000000000000000 254.0000000000000000 
0.0000000000000000 237.0000000000000000 
0.0000000000000000 196.0000000000000000 
0.0000000000000000 196.0000000000000000 
0.0000000000000000 195.0000000000000000 
0.0000000000000000 197.0000000000000000 
66.0000000000000000 255.0000000000000000 
59.0000000000000000 255.0000000000000000 
60.0000000000000000 255.0000000000000000 
54.0000000000000000 255.0000000000000000 
69.0000000000000000 255.0000000000000000 
97.0000000000000000 255.0000000000000000 
94.0000000000000000 255.0000000000000000 
94.0000000000000000 255.0000000000000000 
124.0000000000000000 255.0000000000000000 
122.0000000000000000 255.0000000000000000 
124.0000000000000000 255.0000000000000000 
124.0000000000000000 255.0000000000000000 
115.0000000000000000 255.0000000000000000 
123.0000000000000000 255.0000000000000000 
90.0000000000000000 255.0000000000000000 
88.0000000000000000 255.0000000000000000 
89.0000000000000000 255.0000000000000000 
87.0000000000000000 255.0000000000000000 
81.0000000000000000 255.0000000000000000 
0.0000000000000000 237.0000000000000000 
0.0000000000000000 254.0000000000000000 
0.0000000000000000 237.0000000000000000 
0.0000000000000000 237.0000000000000000 
0.0000000000000000 254.0000000000000000 
0.0000000000000000 200.0000000000000000 
0.0000000000000000 197.0000000000000000 
0.0000000000000000 199.0000000000000000 
0.0000000000000000 196.0000000000000000 
0.0000000000000000 197.0000000000000000 
0.0000000000000000 197.0000000000000000 
60.0000000000000000 255.0000000000000000 
58.0000000000000000 255.0000000000000000 
56.0000000000000000 255.0000000000000000 
52.0000000000000000 255.0000000000000000 
56.0000000000000000 255.0000000000000000 
98.0000000000000000 255.0000000000000000 
95.0000000000000000 255.0000000000000000 
93.0000000000000000 255.0000000000000000 
120.0000000000000000 255.0000000000000000 
120.0000000000000000 255.0000000000000000 
121.0000000000000000 255.0000000000000000 
116.0000000000000000 255.0000000000000000 
120.0000000000000000 255.0000000000000000 
96.0000000000000000 255.0000000000000000 
83.0000000000000000 255.0000000000000000 
81.0000000000000000 255.0000000000000000 
80.0000000000000000 255.0000000000000000 
0.0000000000000000 254.0000000000000000 
0.0000000000000000 237.0000000000000000 
0.0000000000000000 237.0000000000000000 
0.0000000000000000 254.0000000000000000 
0.0000000000000000 200.0000000000000000 
0.0000000000000000 200.0000000000000000 
0.0000000000000000 200.0000000000000000 
0.0000000000000000 198.0000000000000000 
0.0000000000000000 199.0000000000000000 
0.0000000000000000 199.0000000000000000 
0.0000000000000000 196.0000000000000000 
0.0000000000000000 200.0000000000000000 
0.0000000000000000 200.0000000000000000 
59.0000000000000000 255.0000000000000000 
56.0000000000000000 255.0000000000000000 
55.0000000000000000 255.0000000000000000 
52.0000000000000000 255.0000000000000000 
54.0000000000000000 255.0000000000000000 
69.0000000000000000 255.0000000000000000 
96.0000000000000000 255.0000000000000000 
92.0000000000000000 255.0000000000000000 
117.0000000000000000 255.0000000000000000 
117.0000000000000000 255.0000000000000000 
118.0000000000000000 255.0000000000000000 
101.0000000000000000 255.0000000000000000 
111.0000000000000000 255.0000000000000000 
88.0000000000000000 255.0000000000000000 
79.0000000000000000 255.0000000000000000 
0.0000000000000000 237.0000000000000000 
0.0000000000000000 254.0000000000000000 
0.0000000000000000 254.0000000000000000 
0.0000000000000000 237.0000000000000000 
0.0000000000000000 200.0000000000000000 
0.0000000000000000 200.0000000000000000 
0.0000000000000000 200.0000000000000000 
0.0000000000000000 200.0000000000000000 
0.0000000000000000 197.0000000000000000 
0.0000000000000000 195.0000000000000000 
0.0000000000000000 197.0000000000000000 
0.0000000000000000 200.0000000000000000 
0.0000000000000000 200.0000000000000000 
0.0000000000000000 200.0000000000000000 
0.0000000000000000 200.0000000000000000 
57.0000000000000000 255.0000000000000000 
59.0000000000000000 255.0000000000000000 
56.0000000000000000 255.0000000000000000 
53.0000000000000000 255.0000000000000000 
52.0000000000000000 255.0000000000000000 
56.0000000000000000 255.0000000000000000 
94.0000000000000000 255.0000000000000000 
94.0000000000000000 255.0000000000000000 
113.0000000000000000 255.0000000000000000 
113.0000000000000000 255.0000000000000000 
93.0000000000000000 255.0000000000000000 
115.0000000000000000 255.0000000000000000 
0.0000000000000000 254.0000000000000000 
0.0000000000000000 238.0000000000000000 
0.0000000000000000 238.0000000000000000 
0.0000000000000000 254.0000000000000000 
0.0000000000000000 200.0000000000000000 
0.0000000000000000 198.0000000000000000 
0.0000000000000000 200.0000000000000000 
0.0000000000000000 200.0000000000000000 
0.0000000000000000 200.0000000000000000 
0.0000000000000000 200.0000000000000000 
0.0000000000000000 200.0000000000000000 
0.0000000000000000 198.0000000000000000 
0.0000000000000000 199.0000000000000000 
0.0000000000000000 200.0000000000000000 
0.0000000000000000 200.0000000000000000 
0.0000000000000000 200.0000000000000000 
0.0000000000000000 200.0000000000000000 
0.0000000000000000 200.0000000000000000 
54.0000000000000000 255.0000000000000000 
54.0000000000000000 255.0000000000000000 
55.0000000000000000 255.0000000000000000 
54.0000000000000000 255.0000000000000000 
52.0000000000000000 255.0000000000000000 
50.0000000000000000 255.0000000000000000 
70.0000000000000000 255.0000000000000000 
93.0000000000000000 255.0000000000000000 
111.0000000000000000 255.0000000000000000 
0.0000000000000000 254.0000000000000000 
0.0000000000000000 237.0000000000000000 
0.0000000000000000 254.0000000000000000 
0.0000000000000000 254.0000000000000000 
0.0000000000000000 237.0000000000000000 
0.0000000000000000 200.0000000000000000 
0.0000000000000000 200.0000000000000000 
0.0000000000000000 200.0000000000000000 
0.0000000000000000 198.0000000000000000 
0.0000000000000000 200.0000000000000000 
0.0000000000000000 200.0000000000000000 
0.0000000000000000 200.0000000000000000 
0.0000000000000000 200.0000000000000000 
0.0000000000000000 200.0000000000000000 
0.0000000000000000 200.0000000000000000 
0.0000000000000000 200.0000000000000000 
0.0000000000000000 200.0000000000000000 
0.0000000000000000 200.0000000000000000 
0.0000000000000000 200.0000000000000000 
0.0000000000000000 200.0000000000000000 
0.0000000000000000 200.0000000000000000 
57.0000000000000000 255.0000000000000000 
54.0000000000000000 255.0000000000000000 
53.0000000000000000 255.0000000000000000 
52.0000000000000000 255.0000000000000000 
51.0000000000000000 255.0000000000000000 
51.0000000000000000 255.0000000000000000 
53.0000000000000000 255.0000000000000000 
91.0000000000000000 255.0000000000000000 
110.0000000000000000 255.0000000000000000 
0.0000000000000000 254.0000000000000000 
0.0000000000000000 237.0000000000000000 
0.0000000000000000 254.0000000000000000 
0.0000000000000000 254.0000000000000000 
0.0000000000000000 198.0000000000000000 
0.0000000000000000 196.0000000000000000 
0.0000000000000000 200.0000000000000000 
0.0000000000000000 198.0000000000000000 
0.0000000000000000 200.0000000000000000 
0.0000000000000000 200.0000000000000000 
0.0000000000000000 200.0000000000000000 
69.0000000000000000 255.0000000000000000 
0.0000000000000000 200.0000000000000000 
0.0000000000000000 200.0000000000000000 
0.0000000000000000 200.0000000000000000 
0.0000000000000000 200.0000000000000000 
0.0000000000000000 200.0000000000000000 
0.0000000000000000 200.0000000000000000 
0.0000000000000000 200.0000000000000000 
0.0000000000000000 200.0000000000000000 
0.0000000000000000 200.0000000000000000 
57.0000000000000000 255.0000000000000000 
55.0000000000000000 255.0000000000000000 
51.0000000000000000 255.0000000000000000 
56.0000000000000000 255.0000000000000000 
54.0000000000000000 255.0000000000000000 
46.0000000000000000 255.0000000000000000 
52.0000000000000000 255.0000000000000000 
108.0000000000000000 255.0000000000000000 
112.0000000000000000 255.0000000000000000 
0.0000000000000000 254.0000000000000000 
0.0000000000000000 237.0000000000000000 
0.0000000000000000 254.0000000000000000 
0.0000000000000000 254.0000000000000000 
0.0000000000000000 237.0000000000000000 
0.0000000000000000 198.0000000000000000 
0.0000000000000000 198.0000000000000000 
0.0000000000000000 197.0000000000000000 
69.0000000000000000 200.0000000000000000 
68.0000000000000000 255.0000000000000000 
63.0000000000000000 255.0000000000000000 
63.0000000000000000 255.0000000000000000 
0.0000000000000000 200.0000000000000000 
0.0000000000000000 200.0000000000000000 
0.0000000000000000 200.0000000000000000 
0.0000000000000000 200.0000000000000000 
0.0000000000000000 200.0000000000000000 
0.0000000000000000 200.0000000000000000 
0.0000000000000000 200.0000000000000000 
0.0000000000000000 200.0000000000000000 
0.0000000000000000 200.0000000000000000 
51.0000000000000000 255.0000000000000000 
53.0000000000000000 255.0000000000000000 
51.0000000000000000 255.0000000000000000 
56.0000000000000000 255.0000000000000000 
55.0000000000000000 255.0000000000000000 
53.0000000000000000 255.0000000000000000 
58.0000000000000000 255.0000000000000000 
113.0000000000000000 255.0000000000000000 
127.0000000000000000 255.0000000000000000 
0.0000000000000000 254.0000000000000000 
0.0000000000000000 237.0000000000000000 
0.0000000000000000 254.0000000000000000 
0.0000000000000000 254.0000000000000000 
0.0000000000000000 237.0000000000000000 
0.0000000000000000 237.0000000000000000 
68.0000000000000000 255.0000000000000000 
66.0000000000000000 255.0000000000000000 
67.0000000000000000 255.0000000000000000 
63.0000000000000000 255.0000000000000000 
66.0000000000000000 255.0000000000000000 
65.0000000000000000 255.0000000000000000 
0.0000000000000000 200.0000000000000000 
0.0000000000000000 200.0000000000000000 
0.0000000000000000 200.0000000000000000 
0.0000000000000000 200.0000000000000000 
0.0000000000000000 200.0000000000000000 
0.0000000000000000 200.0000000000000000 
0.0000000000000000 200.0000000000000000 
0.0000000000000000 200.0000000000000000 
0.0000000000000000 200.0000000000000000 
56.0000000000000000 255.0000000000000000 
54.0000000000000000 255.0000000000000000 
55.0000000000000000 255.0000000000000000 
55.0000000000000000 255.0000000000000000 
52.0000000000000000 255.0000000000000000 
51.0000000000000000 255.0000000000000000 
49.0000000000000000 255.0000000000000000 
68.0000000000000000 255.0000000000000000 
112.0000000000000000 255.0000000000000000 
0.0000000000000000 254.0000000000000000 
0.0000000000000000 237.0000000000000000 
77.0000000000000000 255.0000000000000000 
77.0000000000000000 255.0000000000000000 
73.0000000000000000 255.0000000000000000 
71.0000000000000000 255.0000000000000000 
63.0000000000000000 255.0000000000000000 
70.0000000000000000 255.0000000000000000 
68.0000000000000000 255.0000000000000000 
69.0000000000000000 255.0000000000000000 
69.0000000000000000 255.0000000000000000 
67.0000000000000000 255.0000000000000000 
0.0000000000000000 254.0000000000000000 
0.0000000000000000 203.0000000000000000 
0.0000000000000000 200.0000000000000000 
0.0000000000000000 200.0000000000000000 
0.0000000000000000 200.0000000000000000 
0.0000000000000000 200.0000000000000000 
0.0000000000000000 200.0000000000000000 
0.0000000000000000 200.0000000000000000 
0.0000000000000000 200.0000000000000000 
54.0000000000000000 255.0000000000000000 
57.0000000000000000 255.0000000000000000 
51.0000000000000000 255.0000000000000000 
56.0000000000000000 255.0000000000000000 
49.0000000000000000 255.0000000000000000 
55.0000000000000000 255.0000000000000000 
55.0000000000000000 255.0000000000000000 
53.0000000000000000 255.0000000000000000 
116.0000000000000000 255.0000000000000000 
98.0000000000000000 255.0000000000000000 
75.0000000000000000 255.0000000000000000 
77.0000000000000000 255.0000000000000000 
72.0000000000000000 255.0000000000000000 
64.0000000000000000 255.0000000000000000 
66.0000000000000000 255.0000000000000000 
63.0000000000000000 255.0000000000000000 
67.0000000000000000 255.0000000000000000 
66.0000000000000000 255.0000000000000000 
67.0000000000000000 255.0000000000000000 
67.0000000000000000 255.0000000000000000 
67.0000000000000000 255.0000000000000000 
0.0000000000000000 254.0000000000000000 
0.0000000000000000 225.0000000000000000 
0.0000000000000000 200.0000000000000000 
0.0000000000000000 200.0000000000000000 
0.0000000000000000 200.0000000000000000 
0.0000000000000000 200.0000000000000000 
0.0000000000000000 200.0000000000000000 
0.0000000000000000 200.0000000000000000 
0.0000000000000000 200.0000000000000000 
50.0000000000000000 255.0000000000000000 
49.0000000000000000 255.0000000000000000 
55.0000000000000000 255.0000000000000000 
57.0000000000000000 255.0000000000000000 
45.0000000000000000 255.0000000000000000 
54.0000000000000000 255.0000000000000000 
58.0000000000000000 255.0000000000000000 
57.0000000000000000 255.0000000000000000 
120.0000000000000000 255.0000000000000000 
77.0000000000000000 255.0000000000000000 
76.0000000000000000 255.0000000000000000 
81.0000000000000000 255.0000000000000000 
70.0000000000000000 255.0000000000000000 
64.0000000000000000 255.0000000000000000 
62.0000000000000000 255.0000000000000000 
61.0000000000000000 255.0000000000000000 
64.0000000000000000 255.0000000000000000 
66.0000000000000000 255.0000000000000000 
64.0000000000000000 255.0000000000000000 
68.0000000000000000 255.0000000000000000 
63.0000000000000000 255.0000000000000000 
0.0000000000000000 254.0000000000000000 
0.0000000000000000 241.0000000000000000 
0.0000000000000000 200.0000000000000000 
0.0000000000000000 200.0000000000000000 
0.0000000000000000 200.0000000000000000 
0.0000000000000000 200.0000000000000000 
0.0000000000000000 200.0000000000000000 
0.0000000000000000 205.0000000000000000 
0.0000000000000000 218.0000000000000000 
54.0000000000000000 255.0000000000000000 
51.0000000000000000 255.0000000000000000 
56.0000000000000000 255.0000000000000000 
55.0000000000000000 255.0000000000000000 
58.0000000000000000 255.0000000000000000 
49.0000000000000000 255.0000000000000000 
56.0000000000000000 255.0000000000000000 
56.0000000000000000 255.0000000000000000 
83.0000000000000000 255.0000000000000000 
81.0000000000000000 255.0000000000000000 
74.0000000000000000 255.0000000000000000 
73.0000000000000000 255.0000000000000000 
66.0000000000000000 255.0000000000000000 
61.0000000000000000 255.0000000000000000 
60.0000000000000000 255.0000000000000000 
63.0000000000000000 255.0000000000000000 
69.0000000000000000 255.0000000000000000 
64.0000000000000000 255.0000000000000000 
69.0000000000000000 255.0000000000000000 
71.0000000000000000 255.0000000000000000 
62.0000000000000000 255.0000000000000000 
0.0000000000000000 237.0000000000000000 
0.0000000000000000 211.0000000000000000 
0.0000000000000000 200.0000000000000000 
0.0000000000000000 200.0000000000000000 
0.0000000000000000 200.0000000000000000 
0.0000000000000000 208.0000000000000000 
0.0000000000000000 215.0000000000000000 
0.0000000000000000 200.0000000000000000 
0.0000000000000000 198.0000000000000000 
58.0000000000000000 255.0000000000000000 
54.0000000000000000 255.0000000000000000 
53.0000000000000000 255.0000000000000000 
60.0000000000000000 255.0000000000000000 
57.0000000000000000 255.0000000000000000 
48.0000000000000000 255.0000000000000000 
57.0000000000000000 255.0000000000000000 
54.0000000000000000 255.0000000000000000 
81.0000000000000000 255.0000000000000000 
78.0000000000000000 255.0000000000000000 
60.0000000000000000 255.0000000000000000 
73.0000000000000000 255.0000000000000000 
67.0000000000000000 255.0000000000000000 
61.0000000000000000 255.0000000000000000 
64.0000000000000000 255.0000000000000000 
64.0000000000000000 255.0000000000000000 
61.0000000000000000 255.0000000000000000 
61.0000000000000000 255.0000000000000000 
64.0000000000000000 255.0000000000000000 
68.0000000000000000 255.0000000000000000 
62.0000000000000000 255.0000000000000000 
0.0000000000000000 237.0000000000000000 
0.0000000000000000 200.0000000000000000 
0.0000000000000000 200.0000000000000000 
0.0000000000000000 213.0000000000000000 
0.0000000000000000 212.0000000000000000 
0.0000000000000000 200.0000000000000000 
0.0000000000000000 200.0000000000000000 
0.0000000000000000 200.0000000000000000 
0.0000000000000000 197.0000000000000000 
57.0000000000000000 255.0000000000000000 
49.0000000000000000 255.0000000000000000 
58.0000000000000000 255.0000000000000000 
59.0000000000000000 255.0000000000000000 
48.0000000000000000 255.0000000000000000 
49.0000000000000000 255.0000000000000000 
62.0000000000000000 255.0000000000000000 
57.0000000000000000 255.0000000000000000 
94.0000000000000000 255.0000000000000000 
77.0000000000000000 255.0000000000000000 
63.0000000000000000 255.0000000000000000 
64.0000000000000000 255.0000000000000000 
62.0000000000000000 255.0000000000000000 
58.0000000000000000 255.0000000000000000 
62.0000000000000000 255.0000000000000000 
60.0000000000000000 255.0000000000000000 
61.0000000000000000 255.0000000000000000 
57.0000000000000000 255.0000000000000000 
65.0000000000000000 255.0000000000000000 
66.0000000000000000 255.0000000000000000 
62.0000000000000000 255.0000000000000000 
0.0000000000000000 237.0000000000000000 
0.0000000000000000 200.0000000000000000 
0.0000000000000000 200.0000000000000000 
0.0000000000000000 200.0000000000000000 
0.0000000000000000 200.0000000000000000 
0.0000000000000000 200.0000000000000000 
0.0000000000000000 200.0000000000000000 
0.0000000000000000 200.0000000000000000 
0.0000000000000000 197.0000000000000000 
56.0000000000000000 255.0000000000000000 
56.0000000000000000 255.0000000000000000 
58.0000000000000000 255.0000000000000000 
57.0000000000000000 255.0000000000000000 
52.0000000000000000 255.0000000000000000 
51.0000000000000000 255.0000000000000000 
61.0000000000000000 255.0000000000000000 
62.0000000000000000 255.0000000000000000 
77.0000000000000000 255.0000000000000000 
79.0000000000000000 255.0000000000000000 
74.0000000000000000 255.0000000000000000 
66.0000000000000000 255.0000000000000000 
65.0000000000000000 255.0000000000000000 
58.0000000000000000 255.0000000000000000 
57.0000000000000000 255.0000000000000000 
60.0000000000000000 255.0000000000000000 
54.0000000000000000 255.0000000000000000 
57.0000000000000000 255.0000000000000000 
60.0000000000000000 255.0000000000000000 
59.0000000000000000 255.0000000000000000 
62.0000000000000000 255.0000000000000000 
0.0000000000000000 237.0000000000000000 
0.0000000000000000 200.0000000000000000 
0.0000000000000000 200.0000000000000000 
0.0000000000000000 200.0000000000000000 
0.0000000000000000 200.0000000000000000 
0.0000000000000000 200.0000000000000000 
0.0000000000000000 200.0000000000000000 
0.0000000000000000 196.0000000000000000 
0.0000000000000000 196.0000000000000000 
57.0000000000000000 255.0000000000000000 
54.0000000000000000 255.0000000000000000 
47.0000000000000000 255.0000000000000000 
50.0000000000000000 255.0000000000000000 
52.0000000000000000 255.0000000000000000 
57.0000000000000000 255.0000000000000000 
56.0000000000000000 255.0000000000000000 
59.0000000000000000 255.0000000000000000 
87.0000000000000000 255.0000000000000000 
77.0000000000000000 255.0000000000000000 
73.0000000000000000 255.0000000000000000 
58.0000000000000000 255.0000000000000000 
58.0000000000000000 255.0000000000000000 
65.0000000000000000 255.0000000000000000 
61.0000000000000000 255.0000000000000000 
58.0000000000000000 255.0000000000000000 
55.0000000000000000 255.0000000000000000 
51.0000000000000000 255.0000000000000000 
59.0000000000000000 255.0000000000000000 
59.0000000000000000 255.0000000000000000 
60.0000000000000000 255.0000000000000000 
0.0000000000000000 237.0000000000000000 
0.0000000000000000 200.0000000000000000 
0.0000000000000000 200.0000000000000000 
0.0000000000000000 200.0000000000000000 
0.0000000000000000 200.0000000000000000 
0.0000000000000000 200.0000000000000000 
0.0000000000000000 200.0000000000000000 
0.0000000000000000 194.0000000000000000 
0.0000000000000000 196.0000000000000000 
58.0000000000000000 255.0000000000000000 
56.0000000000000000 255.0000000000000000 
52.0000000000000000 255.0000000000000000 
62.0000000000000000 255.0000000000000000 
56.0000000000000000 255.0000000000000000 
56.0000000000000000 255.0000000000000000 
64.0000000000000000 255.0000000000000000 
61.0000000000000000 255.0000000000000000 
93.0000000000000000 255.0000000000000000 
70.0000000000000000 255.0000000000000000 
63.0000000000000000 255.0000000000000000 
62.0000000000000000 255.0000000000000000 
61.0000000000000000 255.0000000000000000 
62.0000000000000000 255.0000000000000000 
61.0000000000000000 255.0000000000000000 
62.0000000000000000 255.0000000000000000 
57.0000000000000000 255.0000000000000000 
57.0000000000000000 255.0000000000000000 
59.0000000000000000 255.0000000000000000 
59.0000000000000000 255.0000000000000000 
56.0000000000000000 255.0000000000000000 
0.0000000000000000 237.0000000000000000 
0.0000000000000000 200.0000000000000000 
0.0000000000000000 200.0000000000000000 
0.0000000000000000 200.0000000000000000 
0.0000000000000000 199.0000000000000000 
0.0000000000000000 200.0000000000000000 
0.0000000000000000 198.0000000000000000 
0.0000000000000000 195.0000000000000000 
0.0000000000000000 194.0000000000000000 
57.0000000000000000 255.0000000000000000 
59.0000000000000000 255.0000000000000000 
56.0000000000000000 255.0000000000000000 
69.0000000000000000 255.0000000000000000 
60.0000000000000000 255.0000000000000000 
60.0000000000000000 255.0000000000000000 
60.0000000000000000 255.0000000000000000 
61.0000000000000000 255.0000000000000000 
107.0000000000000000 255.0000000000000000 
74.0000000000000000 255.0000000000000000 
92.0000000000000000 255.0000000000000000 
74.0000000000000000 255.0000000000000000 
58.0000000000000000 255.0000000000000000 
60.0000000000000000 255.0000000000000000 
56.0000000000000000 255.0000000000000000 
58.0000000000000000 255.0000000000000000 
56.0000000000000000 255.0000000000000000 
67.0000000000000000 255.0000000000000000 
63.0000000000000000 255.0000000000000000 
58.0000000000000000 255.0000000000000000 
55.0000000000000000 255.0000000000000000 
0.0000000000000000 237.0000000000000000 
0.0000000000000000 200.0000000000000000 
0.0000000000000000 200.0000000000000000 
0.0000000000000000 200.0000000000000000 
0.0000000000000000 195.0000000000000000 
0.0000000000000000 200.0000000000000000 
0.0000000000000000 200.0000000000000000 
0.0000000000000000 196.0000000000000000 
0.0000000000000000 193.0000000000000000 
52.0000000000000000 255.0000000000000000 
60.0000000000000000 255.0000000000000000 
62.0000000000000000 255.0000000000000000 
66.0000000000000000 255.0000000000000000 
57.0000000000000000 255.0000000000000000 
54.0000000000000000 255.0000000000000000 
63.0000000000000000 255.0000000000000000 
59.0000000000000000 255.0000000000000000 
111.0000000000000000 255.0000000000000000 
89.0000000000000000 255.0000000000000000 
82.0000000000000000 255.0000000000000000 
64.0000000000000000 255.0000000000000000 
64.0000000000000000 255.0000000000000000 
59.0000000000000000 255.0000000000000000 
55.0000000000000000 255.0000000000000000 
55.0000000000000000 255.0000000000000000 
62.0000000000000000 255.0000000000000000 
61.0000000000000000 255.0000000000000000 
60.0000000000000000 255.0000000000000000 
61.0000000000000000 255.0000000000000000 
58.0000000000000000 255.0000000000000000 
0.0000000000000000 254.0000000000000000 
0.0000000000000000 200.0000000000000000 
0.0000000000000000 200.0000000000000000 
0.0000000000000000 200.0000000000000000 
0.0000000000000000 194.0000000000000000 
0.0000000000000000 196.0000000000000000 
0.0000000000000000 195.0000000000000000 
0.0000000000000000 195.0000000000000000 
0.0000000000000000 195.0000000000000000 
57.0000000000000000 255.0000000000000000 
56.0000000000000000 255.0000000000000000 
57.0000000000000000 255.0000000000000000 
63.0000000000000000 255.0000000000000000 
59.0000000000000000 255.0000000000000000 
59.0000000000000000 255.0000000000000000 
60.0000000000000000 255.0000000000000000 
62.0000000000000000 255.0000000000000000 
107.0000000000000000 255.0000000000000000 
79.0000000000000000 255.0000000000000000 
79.0000000000000000 255.0000000000000000 
64.0000000000000000 255.0000000000000000 
54.0000000000000000 255.0000000000000000 
59.0000000000000000 255.0000000000000000 
52.0000000000000000 255.0000000000000000 
52.0000000000000000 255.0000000000000000 
59.0000000000000000 255.0000000000000000 
66.0000000000000000 255.0000000000000000 
64.0000000000000000 255.0000000000000000 
60.0000000000000000 255.0000000000000000 
57.0000000000000000 255.0000000000000000 
0.0000000000000000 254.0000000000000000 
0.0000000000000000 203.0000000000000000 
0.0000000000000000 200.0000000000000000 
0.0000000000000000 192.0000000000000000 
0.0000000000000000 200.0000000000000000 
0.0000000000000000 196.0000000000000000 
0.0000000000000000 195.0000000000000000 
0.0000000000000000 196.0000000000000000 
0.0000000000000000 195.0000000000000000 
55.0000000000000000 255.0000000000000000 
51.0000000000000000 255.0000000000000000 
59.0000000000000000 255.0000000000000000 
59.0000000000000000 255.0000000000000000 
70.0000000000000000 255.0000000000000000 
61.0000000000000000 255.0000000000000000 
56.0000000000000000 255.0000000000000000 
117.0000000000000000 255.0000000000000000 
131.0000000000000000 255.0000000000000000 
78.0000000000000000 255.0000000000000000 
78.0000000000000000 255.0000000000000000 
70.0000000000000000 255.0000000000000000 
65.0000000000000000 255.0000000000000000 
58.0000000000000000 255.0000000000000000 
52.0000000000000000 255.0000000000000000 
53.0000000000000000 255.0000000000000000 
63.0000000000000000 255.0000000000000000 
57.0000000000000000 255.0000000000000000 
58.0000000000000000 255.0000000000000000 
57.0000000000000000 255.0000000000000000 
56.0000000000000000 255.0000000000000000 
0.0000000000000000 254.0000000000000000 
0.0000000000000000 219.0000000000000000 
0.0000000000000000 200.0000000000000000 
0.0000000000000000 200.0000000000000000 
0.0000000000000000 200.0000000000000000 
0.0000000000000000 195.0000000000000000 
0.0000000000000000 196.0000000000000000 
0.0000000000000000 194.0000000000000000 
0.0000000000000000 195.0000000000000000 
52.0000000000000000 255.0000000000000000 
51.0000000000000000 255.0000000000000000 
56.0000000000000000 255.0000000000000000 
65.0000000000000000 255.0000000000000000 
68.0000000000000000 255.0000000000000000 
68.0000000000000000 255.0000000000000000 
95.0000000000000000 255.0000000000000000 
121.0000000000000000 255.0000000000000000 
124.0000000000000000 255.0000000000000000 
78.0000000000000000 255.0000000000000000 
77.0000000000000000 255.0000000000000000 
72.0000000000000000 255.0000000000000000 
57.0000000000000000 255.0000000000000000 
60.0000000000000000 255.0000000000000000 
49.0000000000000000 255.0000000000000000 
64.0000000000000000 255.0000000000000000 
71.0000000000000000 255.0000000000000000 
67.0000000000000000 255.0000000000000000 
54.0000000000000000 255.0000000000000000 
59.0000000000000000 255.0000000000000000 
54.0000000000000000 255.0000000000000000 
0.0000000000000000 254.0000000000000000 
0.0000000000000000 239.0000000000000000 
0.0000000000000000 203.0000000000000000 
0.0000000000000000 200.0000000000000000 
0.0000000000000000 200.0000000000000000 
0.0000000000000000 195.0000000000000000 
0.0000000000000000 194.0000000000000000 
0.0000000000000000 194.0000000000000000 
0.0000000000000000 196.0000000000000000 
60.0000000000000000 255.0000000000000000 
64.0000000000000000 255.0000000000000000 
59.0000000000000000 255.0000000000000000 
63.0000000000000000 255.0000000000000000 
59.0000000000000000 255.0000000000000000 
66.0000000000000000 255.0000000000000000 
123.0000000000000000 255.0000000000000000 
110.0000000000000000 255.0000000000000000 
131.0000000000000000 255.0000000000000000 
132.0000000000000000 255.0000000000000000 
84.0000000000000000 255.0000000000000000 
84.0000000000000000 255.0000000000000000 
68.0000000000000000 255.0000000000000000 
53.0000000000000000 255.0000000000000000 
45.0000000000000000 255.0000000000000000 
56.0000000000000000 255.0000000000000000 
54.0000000000000000 255.0000000000000000 
58.0000000000000000 255.0000000000000000 
59.0000000000000000 255.0000000000000000 
54.0000000000000000 255.0000000000000000 
55.0000000000000000 255.0000000000000000 
0.0000000000000000 254.0000000000000000 
0.0000000000000000 226.0000000000000000 
0.0000000000000000 200.0000000000000000 
0.0000000000000000 200.0000000000000000 
0.0000000000000000 195.0000000000000000 
0.0000000000000000 196.0000000000000000 
0.0000000000000000 195.0000000000000000 
0.0000000000000000 195.0000000000000000 
0.0000000000000000 196.0000000000000000 
61.0000000000000000 255.0000000000000000 
56.0000000000000000 255.0000000000000000 
61.0000000000000000 255.0000000000000000 
59.0000000000000000 255.0000000000000000 
88.0000000000000000 255.0000000000000000 
118.0000000000000000 255.0000000000000000 
126.0000000000000000 255.0000000000000000 
117.0000000000000000 255.0000000000000000 
130.0000000000000000 255.0000000000000000 
61.0000000000000000 255.0000000000000000 
54.0000000000000000 255.0000000000000000 
55.0000000000000000 255.0000000000000000 
58.0000000000000000 255.0000000000000000 
56.0000000000000000 255.0000000000000000 
58.0000000000000000 255.0000000000000000 
60.0000000000000000 255.0000000000000000 
62.0000000000000000 255.0000000000000000 
56.0000000000000000 255.0000000000000000 
62.0000000000000000 255.0000000000000000 
58.0000000000000000 255.0000000000000000 
58.0000000000000000 255.0000000000000000 
0.0000000000000000 254.0000000000000000 
0.0000000000000000 205.0000000000000000 
0.0000000000000000 200.0000000000000000 
0.0000000000000000 200.0000000000000000 
0.0000000000000000 195.0000000000000000 
0.0000000000000000 195.0000000000000000 
0.0000000000000000 195.0000000000000000 
0.0000000000000000 195.0000000000000000 
0.0000000000000000 192.0000000000000000 
60.0000000000000000 255.0000000000000000 
54.0000000000000000 255.0000000000000000 
59.0000000000000000 255.0000000000000000 
45.0000000000000000 255.0000000000000000 
38.0000000000000000 255.0000000000000000 
27.0000000000000000 255.0000000000000000 
36.0000000000000000 255.0000000000000000 
68.0000000000000000 255.0000000000000000 
119.0000000000000000 255.0000000000000000 
114.0000000000000000 255.0000000000000000 
113.0000000000000000 255.0000000000000000 
108.0000000000000000 255.0000000000000000 
80.0000000000000000 255.0000000000000000 
76.0000000000000000 255.0000000000000000 
88.0000000000000000 255.0000000000000000 
82.0000000000000000 255.0000000000000000 
73.0000000000000000 255.0000000000000000 
64.0000000000000000 255.0000000000000000 
65.0000000000000000 255.0000000000000000 
67.0000000000000000 255.0000000000000000 
66.0000000000000000 255.0000000000000000 
0.0000000000000000 254.0000000000000000 
0.0000000000000000 202.0000000000000000 
0.0000000000000000 200.0000000000000000 
0.0000000000000000 197.0000000000000000 
0.0000000000000000 193.0000000000000000 
0.0000000000000000 193.0000000000000000 
0.0000000000000000 194.0000000000000000 
0.0000000000000000 193.0000000000000000 
0.0000000000000000 249.0000000000000000 
61.0000000000000000 255.0000000000000000 
111.0000000000000000 255.0000000000000000 
66.0000000000000000 255.0000000000000000 
27.0000000000000000 255.0000000000000000 
26.0000000000000000 255.0000000000000000 
19.0000000000000000 255.0000000000000000 
19.0000000000000000 255.0000000000000000 
25.0000000000000000 255.0000000000000000 
126.0000000000000000 255.0000000000000000 
123.0000000000000000 255.0000000000000000 
130.0000000000000000 255.0000000000000000 
134.0000000000000000 255.0000000000000000 
130.0000000000000000 255.0000000000000000 
133.0000000000000000 255.0000000000000000 
138.0000000000000000 255.0000000000000000 
71.0000000000000000 255.0000000000000000 
59.0000000000000000 255.0000000000000000 
71.0000000000000000 255.0000000000000000 
78.0000000000000000 255.0000000000000000 
58.0000000000000000 255.0000000000000000 
68.0000000000000000 255.0000000000000000 
79.0000000000000000 255.0000000000000000 
79.0000000000000000 255.0000000000000000 
78.0000000000000000 255.0000000000000000 
79.0000000000000000 255.0000000000000000 
102.0000000000000000 255.0000000000000000 
70.0000000000000000 255.0000000000000000 
80.0000000000000000 255.0000000000000000 
61.0000000000000000 255.0000000000000000 
65.0000000000000000 255.0000000000000000 
42.0000000000000000 255.0000000000000000 
45.0000000000000000 255.0000000000000000 
35.0000000000000000 255.0000000000000000 
24.0000000000000000 255.0000000000000000 
23.0000000000000000 255.0000000000000000 
20.0000000000000000 255.0000000000000000 
18.0000000000000000 255.0000000000000000 
18.0000000000000000 255.0000000000000000 
